分位裁剪：5%-95%
mean: 282.864980
std: 273.596458
var: 74855.021769
