mean: 6.330916
std: 41.343032
var: 1709.246260
